Mississippi 
 95.3 66.4 90.4 89.7 96 91.6
Hawaii 
 152.3 312.6 158.4 131.3 113.3 128.7
Nebraska 
 98.9 84.7 90.5 99.4 102.9 96.7
Tennessee 
 95.7 79.4 93.4 89.3 91.6 95.3
West Virginia 
 96.4 78.4 90.3 86.3 87 98.3
Indiana 
 93.9 77.8 102.4 98.3 94.4 95.4
California 
 119.2 221 117.5 133.3 112.4 115.2
New Mexico 
 98.9 82 87.4 96 99.3 92.4
South Carolina 
 97.2 82 109.9 95.3 94.7 100
Maryland 
 112 163.6 105.6 104.3 82.6 105.4
Arkansas 
 93.5 79.8 94.2 93.3 83 101.8
Minnesota 
 103.3 88.5 96 96.7 106.1 107.8
Louisiana 
 97.4 86 87.9 94.8 99.5 96.2
South Dakota 
 95 101.6 92.6 90 99.4 94.4
Nevada 
 104.2 114.3 89.5 121.2 101.1 93.7
Massachusetts 
 120.6 177.8 112.4 108.3 120 114.3
Maine 
 101.9 130.3 102.8 101.3 112.2 103.6
District of Columbia 
 107.4 258.1 115.6 99.1 91 123.7
Alabama 
 98 69.5 101.8 92.3 90.9 95.3
Utah 
 98.6 99.3 91.1 120.5 92.3 103.5
Rhode Island 
 106.3 121.5 127.7 102.6 105.9 116.5
Vermont 
 106 135.5 119.9 109.1 97.5 104.3
Kansas 
 90.9 72.8 101.4 97.2 100.3 88.3
Wisconsin 
 97.6 86.7 102.1 98.1 111.5 97.1
Connecticut 
 109.3 131.2 132 107.5 109.8 115.4
Delaware 
 114.1 102.4 96 108.3 105.8 109.3
New Jersey 
 107.2 148 102.8 104.3 98.1 109.7
Idaho 
 92.1 97.3 82.3 117.4 94.7 98
North Carolina 
 98.2 90.7 96.5 91.5 110.1 99.5
Georgia 
 95.5 75.1 91 92.9 96.5 97.3
Pennsylvania 
 105 95 105.7 104 98 101.1
Colorado 
 97.1 117.3 89.7 108.3 97.8 104.9
Montana 
 102.2 105.2 88.4 96.6 100.1 101.2
Wyoming 
 100.6 78.6 84.6 101.8 96.9 102.5
Missouri
 98 82.1 94.2 94.1 96 93.5
Washington 
 107.1 121.6 90.2 119.9 121.6 111.2
Alaska 
 131.9 126 156.5 115.1 151.5 113.8
Iowa 
 99 74.7 97 97.1 99.3 94.5
Kentucky 
 90.6 78.5 103.7 104.2 83.3 103.9
New Hampshire 
 108.7 106.8 113.6 93.1 121.9 122.2
New York 
 117.9 227.5 101 105.8 103.2 113.9
Oregon 
 108.4 169.3 90.7 128 115.3 113.4
Arizona 
 104.5 117.8 103.7 97.8 98.1 103.9
Michigan 
 89.7 79.6 101 103.7 95.3 95.3
Illinois 
 97 75.3 97 106.3 95.5 93.4
Texas 
 90.5 83.9 103.9 94.3 95.4 96.4
Ohio 
 101.4 77 93.3 99.1 97.2 99.7
Florida 
 107.6 104.1 100.4 96.9 98.3 98.8
North Dakota 
 99.6 94.3 101.5 101.5 112.6 96
Oklahoma 
 92.7 75.2 97.4 93.6 95.4 92
Virginia 
 92.3 100.7 97.8 92.4 101.9 99.5